GIMP Gradient
55
0.000000 0.001969 0.003937 0.000000 0.000000 0.000000 1.000000 0.000000 0.000000 0.000000 1.000000 0 0
0.003937 0.005906 0.007874 0.000000 0.000000 0.000000 1.000000 0.000000 0.000000 0.015686 1.000000 0 0
0.007874 0.009843 0.011811 0.000000 0.000000 0.015686 1.000000 0.000000 0.000000 0.047059 1.000000 0 0
0.011811 0.013780 0.015748 0.000000 0.000000 0.047059 1.000000 0.000000 0.000000 0.062745 1.000000 0 0
0.015748 0.019685 0.023622 0.000000 0.000000 0.062745 1.000000 0.000000 0.000000 0.125490 1.000000 0 0
0.023622 0.025591 0.027559 0.000000 0.000000 0.125490 1.000000 0.000000 0.000000 0.141176 1.000000 0 0
0.027559 0.029528 0.031496 0.000000 0.000000 0.141176 1.000000 0.000000 0.000000 0.172549 1.000000 0 0
0.031496 0.033465 0.035433 0.000000 0.000000 0.172549 1.000000 0.000000 0.000000 0.188235 1.000000 0 0
0.035433 0.039370 0.043307 0.000000 0.000000 0.188235 1.000000 0.000000 0.000000 0.250980 1.000000 0 0
0.043307 0.045276 0.047244 0.000000 0.000000 0.250980 1.000000 0.000000 0.000000 0.266667 1.000000 0 0
0.047244 0.049213 0.051181 0.000000 0.000000 0.266667 1.000000 0.000000 0.000000 0.298039 1.000000 0 0
0.051181 0.053150 0.055118 0.000000 0.000000 0.298039 1.000000 0.000000 0.000000 0.313725 1.000000 0 0
0.055118 0.059055 0.062992 0.000000 0.000000 0.313725 1.000000 0.000000 0.000000 0.376471 1.000000 0 0
0.062992 0.064961 0.066929 0.000000 0.000000 0.376471 1.000000 0.000000 0.000000 0.392157 1.000000 0 0
0.066929 0.070866 0.074803 0.000000 0.000000 0.392157 1.000000 0.000000 0.000000 0.454902 1.000000 0 0
0.074803 0.076772 0.078740 0.000000 0.000000 0.454902 1.000000 0.000000 0.000000 0.470588 1.000000 0 0
0.078740 0.080709 0.082677 0.000000 0.000000 0.470588 1.000000 0.000000 0.000000 0.501961 1.000000 0 0
0.082677 0.084646 0.086614 0.000000 0.000000 0.501961 1.000000 0.000000 0.000000 0.517647 1.000000 0 0
0.086614 0.090551 0.094488 0.000000 0.000000 0.517647 1.000000 0.000000 0.000000 0.580392 1.000000 0 0
0.094488 0.096457 0.098425 0.000000 0.000000 0.580392 1.000000 0.000000 0.000000 0.596078 1.000000 0 0
0.098425 0.100394 0.102362 0.000000 0.000000 0.596078 1.000000 0.000000 0.000000 0.627451 1.000000 0 0
0.102362 0.104331 0.106299 0.000000 0.000000 0.627451 1.000000 0.000000 0.000000 0.643137 1.000000 0 0
0.106299 0.110236 0.114173 0.000000 0.000000 0.643137 1.000000 0.000000 0.000000 0.705882 1.000000 0 0
0.114173 0.116142 0.118110 0.000000 0.000000 0.705882 1.000000 0.000000 0.000000 0.721569 1.000000 0 0
0.118110 0.122047 0.125984 0.000000 0.000000 0.721569 1.000000 0.000000 0.000000 0.784314 1.000000 0 0
0.125984 0.129921 0.133858 0.000000 0.000000 0.784314 1.000000 0.000000 0.047059 0.784314 1.000000 0 0
0.133858 0.135827 0.137795 0.000000 0.047059 0.784314 1.000000 0.000000 0.062745 0.800000 1.000000 0 0
0.137795 0.139764 0.141732 0.000000 0.062745 0.800000 1.000000 0.000000 0.094118 0.800000 1.000000 0 0
0.141732 0.143701 0.145669 0.000000 0.094118 0.800000 1.000000 0.000000 0.109804 0.815686 1.000000 0 0
0.145669 0.149606 0.153543 0.000000 0.109804 0.815686 1.000000 0.000000 0.156863 0.815686 1.000000 0 0
0.153543 0.155512 0.157480 0.000000 0.156863 0.815686 1.000000 0.000000 0.188235 0.831373 1.000000 0 0
0.157480 0.159449 0.161417 0.000000 0.188235 0.831373 1.000000 0.000000 0.219608 0.831373 1.000000 0 0
0.161417 0.163386 0.165354 0.000000 0.219608 0.831373 1.000000 0.000000 0.235294 0.847059 1.000000 0 0
0.165354 0.169291 0.173228 0.000000 0.235294 0.847059 1.000000 0.000000 0.282353 0.847059 1.000000 0 0
0.173228 0.175197 0.177165 0.000000 0.282353 0.847059 1.000000 0.000000 0.313725 0.862745 1.000000 0 0
0.177165 0.179134 0.181102 0.000000 0.313725 0.862745 1.000000 0.000000 0.329412 0.862745 1.000000 0 0
0.181102 0.183071 0.185039 0.000000 0.329412 0.862745 1.000000 0.000000 0.360784 0.878431 1.000000 0 0
0.185039 0.188976 0.192913 0.000000 0.360784 0.878431 1.000000 0.000000 0.407843 0.878431 1.000000 0 0
0.192913 0.194882 0.196850 0.000000 0.407843 0.878431 1.000000 0.000000 0.439216 0.894118 1.000000 0 0
0.196850 0.198819 0.200787 0.000000 0.439216 0.894118 1.000000 0.000000 0.454902 0.894118 1.000000 0 0
0.200787 0.202756 0.204724 0.000000 0.454902 0.894118 1.000000 0.000000 0.486275 0.909804 1.000000 0 0
0.204724 0.208661 0.212598 0.000000 0.486275 0.909804 1.000000 0.000000 0.533333 0.909804 1.000000 0 0
0.212598 0.214567 0.216535 0.000000 0.533333 0.909804 1.000000 0.000000 0.549020 0.925490 1.000000 0 0
0.216535 0.218504 0.220472 0.000000 0.549020 0.925490 1.000000 0.000000 0.580392 0.925490 1.000000 0 0
0.220472 0.222441 0.224409 0.000000 0.580392 0.925490 1.000000 0.000000 0.611765 0.941176 1.000000 0 0
0.224409 0.228346 0.232283 0.000000 0.611765 0.941176 1.000000 0.000000 0.658824 0.941176 1.000000 0 0
0.232283 0.234252 0.236220 0.000000 0.658824 0.941176 1.000000 0.000000 0.674510 0.956863 1.000000 0 0
0.236220 0.238189 0.240157 0.000000 0.674510 0.956863 1.000000 0.000000 0.705882 0.956863 1.000000 0 0
0.240157 0.242126 0.244094 0.000000 0.705882 0.956863 1.000000 0.000000 0.721569 0.972549 1.000000 0 0
0.244094 0.246063 0.248031 0.000000 0.721569 0.972549 1.000000 0.000000 0.752941 0.972549 1.000000 0 0
0.248031 0.250000 0.251969 0.000000 0.752941 0.972549 1.000000 0.000000 0.784314 0.988235 1.000000 0 0
0.251969 0.503937 0.755906 0.000000 0.784314 0.988235 1.000000 0.000000 0.000000 0.988235 1.000000 0 0
0.755906 0.875984 0.996063 0.000000 0.000000 0.988235 1.000000 0.000000 0.000000 0.031373 1.000000 0 0
0.996063 0.998031 1.000000 0.000000 0.000000 0.031373 1.000000 0.000000 0.000000 0.000000 1.000000 0 0
1.000000 1.000000 1.000000 0.000000 0.000000 0.000000 1.000000 0.000000 0.000000 0.000000 1.000000 0 0
