GIMP Gradient
34
0.000000 0.125984 0.251969 0.000000 0.000000 0.000000 1.000000 0.784314 0.988235 0.000000 1.000000 0 0
0.251969 0.253937 0.255906 0.784314 0.988235 0.000000 1.000000 0.784314 0.988235 0.015686 1.000000 0 0
0.255906 0.316929 0.377953 0.784314 0.988235 0.015686 1.000000 0.988235 0.988235 0.988235 1.000000 0 0
0.377953 0.383858 0.389764 0.988235 0.988235 0.988235 1.000000 0.988235 0.988235 0.941176 1.000000 0 0
0.389764 0.391732 0.393701 0.988235 0.988235 0.941176 1.000000 0.988235 0.988235 0.909804 1.000000 0 0
0.393701 0.397638 0.401575 0.988235 0.988235 0.909804 1.000000 0.988235 0.988235 0.878431 1.000000 0 0
0.401575 0.403543 0.405512 0.988235 0.988235 0.878431 1.000000 0.988235 0.988235 0.847059 1.000000 0 0
0.405512 0.409449 0.413386 0.988235 0.988235 0.847059 1.000000 0.988235 0.988235 0.815686 1.000000 0 0
0.413386 0.415354 0.417323 0.988235 0.988235 0.815686 1.000000 0.988235 0.988235 0.784314 1.000000 0 0
0.417323 0.421260 0.425197 0.988235 0.988235 0.784314 1.000000 0.988235 0.988235 0.752941 1.000000 0 0
0.425197 0.427165 0.429134 0.988235 0.988235 0.752941 1.000000 0.988235 0.988235 0.721569 1.000000 0 0
0.429134 0.433071 0.437008 0.988235 0.988235 0.721569 1.000000 0.988235 0.988235 0.690196 1.000000 0 0
0.437008 0.438976 0.440945 0.988235 0.988235 0.690196 1.000000 0.988235 0.988235 0.658824 1.000000 0 0
0.440945 0.446850 0.452756 0.988235 0.988235 0.658824 1.000000 0.988235 0.988235 0.611765 1.000000 0 0
0.452756 0.454724 0.456693 0.988235 0.988235 0.611765 1.000000 0.988235 0.988235 0.580392 1.000000 0 0
0.456693 0.460630 0.464567 0.988235 0.988235 0.580392 1.000000 0.988235 0.988235 0.549020 1.000000 0 0
0.464567 0.466535 0.468504 0.988235 0.988235 0.549020 1.000000 0.988235 0.988235 0.517647 1.000000 0 0
0.468504 0.472441 0.476378 0.988235 0.988235 0.517647 1.000000 0.988235 0.988235 0.486275 1.000000 0 0
0.476378 0.478346 0.480315 0.988235 0.988235 0.486275 1.000000 0.988235 0.988235 0.454902 1.000000 0 0
0.480315 0.484252 0.488189 0.988235 0.988235 0.454902 1.000000 0.988235 0.988235 0.423529 1.000000 0 0
0.488189 0.490157 0.492126 0.988235 0.988235 0.423529 1.000000 0.988235 0.988235 0.392157 1.000000 0 0
0.492126 0.496063 0.500000 0.988235 0.988235 0.392157 1.000000 0.988235 0.988235 0.360784 1.000000 0 0
0.500000 0.501969 0.503937 0.988235 0.988235 0.360784 1.000000 0.988235 0.988235 0.329412 1.000000 0 0
0.503937 0.509843 0.515748 0.988235 0.988235 0.329412 1.000000 0.988235 0.988235 0.282353 1.000000 0 0
0.515748 0.517717 0.519685 0.988235 0.988235 0.282353 1.000000 0.988235 0.988235 0.250980 1.000000 0 0
0.519685 0.523622 0.527559 0.988235 0.988235 0.250980 1.000000 0.988235 0.988235 0.219608 1.000000 0 0
0.527559 0.529528 0.531496 0.988235 0.988235 0.219608 1.000000 0.988235 0.988235 0.188235 1.000000 0 0
0.531496 0.535433 0.539370 0.988235 0.988235 0.188235 1.000000 0.988235 0.988235 0.156863 1.000000 0 0
0.539370 0.541339 0.543307 0.988235 0.988235 0.156863 1.000000 0.988235 0.988235 0.125490 1.000000 0 0
0.543307 0.547244 0.551181 0.988235 0.988235 0.125490 1.000000 0.988235 0.988235 0.094118 1.000000 0 0
0.551181 0.553150 0.555118 0.988235 0.988235 0.094118 1.000000 0.988235 0.988235 0.062745 1.000000 0 0
0.555118 0.559055 0.562992 0.988235 0.988235 0.062745 1.000000 0.988235 0.988235 0.031373 1.000000 0 0
0.562992 0.564961 0.566929 0.988235 0.988235 0.031373 1.000000 0.988235 0.988235 0.000000 1.000000 0 0
0.566929 0.783465 1.000000 0.988235 0.988235 0.000000 1.000000 0.000000 0.000000 0.000000 1.000000 0 0
