GIMP Gradient
84
0.000000 0.001969 0.003937 0.000000 0.000000 0.000000 1.000000 0.031373 0.015686 0.015686 1.000000 0 0
0.003937 0.005906 0.007874 0.031373 0.015686 0.015686 1.000000 0.000000 0.000000 0.000000 1.000000 0 0
0.007874 0.019685 0.031496 0.000000 0.000000 0.000000 1.000000 0.000000 0.031373 0.000000 1.000000 0 0
0.031496 0.033465 0.035433 0.000000 0.031373 0.000000 1.000000 0.000000 0.047059 0.015686 1.000000 0 0
0.035433 0.057087 0.078740 0.000000 0.047059 0.015686 1.000000 0.000000 0.109804 0.015686 1.000000 0 0
0.078740 0.080709 0.082677 0.000000 0.109804 0.015686 1.000000 0.000000 0.125490 0.031373 1.000000 0 0
0.082677 0.096457 0.110236 0.000000 0.125490 0.031373 1.000000 0.000000 0.156863 0.031373 1.000000 0 0
0.110236 0.118110 0.125984 0.000000 0.156863 0.031373 1.000000 0.031373 0.219608 0.094118 1.000000 0 0
0.125984 0.127953 0.129921 0.031373 0.219608 0.094118 1.000000 0.047059 0.219608 0.094118 1.000000 0 0
0.129921 0.139764 0.149606 0.047059 0.219608 0.094118 1.000000 0.094118 0.282353 0.172549 1.000000 0 0
0.149606 0.151575 0.153543 0.094118 0.282353 0.172549 1.000000 0.109804 0.298039 0.172549 1.000000 0 0
0.153543 0.163386 0.173228 0.109804 0.298039 0.172549 1.000000 0.156863 0.360784 0.250980 1.000000 0 0
0.173228 0.175197 0.177165 0.156863 0.360784 0.250980 1.000000 0.172549 0.376471 0.250980 1.000000 0 0
0.177165 0.187008 0.196850 0.172549 0.376471 0.250980 1.000000 0.219608 0.439216 0.329412 1.000000 0 0
0.196850 0.198819 0.200787 0.219608 0.439216 0.329412 1.000000 0.219608 0.454902 0.329412 1.000000 0 0
0.200787 0.208661 0.216535 0.219608 0.454902 0.329412 1.000000 0.266667 0.501961 0.392157 1.000000 0 0
0.216535 0.218504 0.220472 0.266667 0.501961 0.392157 1.000000 0.282353 0.517647 0.392157 1.000000 0 0
0.220472 0.230315 0.240157 0.282353 0.517647 0.392157 1.000000 0.329412 0.580392 0.470588 1.000000 0 0
0.240157 0.242126 0.244094 0.329412 0.580392 0.470588 1.000000 0.329412 0.580392 0.470588 1.000000 0 0
0.244094 0.253937 0.263780 0.329412 0.580392 0.470588 1.000000 0.376471 0.643137 0.549020 1.000000 0 0
0.263780 0.265748 0.267717 0.376471 0.643137 0.549020 1.000000 0.392157 0.658824 0.549020 1.000000 0 0
0.267717 0.275591 0.283465 0.392157 0.658824 0.549020 1.000000 0.439216 0.705882 0.611765 1.000000 0 0
0.283465 0.285433 0.287402 0.439216 0.705882 0.611765 1.000000 0.439216 0.721569 0.611765 1.000000 0 0
0.287402 0.297244 0.307087 0.439216 0.721569 0.611765 1.000000 0.486275 0.784314 0.690196 1.000000 0 0
0.307087 0.309055 0.311024 0.486275 0.784314 0.690196 1.000000 0.501961 0.800000 0.690196 1.000000 0 0
0.311024 0.320866 0.330709 0.501961 0.800000 0.690196 1.000000 0.549020 0.862745 0.768627 1.000000 0 0
0.330709 0.332677 0.334646 0.549020 0.862745 0.768627 1.000000 0.564706 0.878431 0.768627 1.000000 0 0
0.334646 0.344488 0.354331 0.564706 0.878431 0.768627 1.000000 0.611765 0.941176 0.847059 1.000000 0 0
0.354331 0.356299 0.358268 0.611765 0.941176 0.847059 1.000000 0.627451 0.941176 0.847059 1.000000 0 0
0.358268 0.364173 0.370079 0.627451 0.941176 0.847059 1.000000 0.658824 0.988235 0.894118 1.000000 0 0
0.370079 0.377953 0.385827 0.658824 0.988235 0.894118 1.000000 0.690196 0.988235 0.894118 1.000000 0 0
0.385827 0.387795 0.389764 0.690196 0.988235 0.894118 1.000000 0.705882 0.988235 0.909804 1.000000 0 0
0.389764 0.399606 0.409449 0.705882 0.988235 0.909804 1.000000 0.752941 0.988235 0.909804 1.000000 0 0
0.409449 0.411417 0.413386 0.752941 0.988235 0.909804 1.000000 0.752941 0.988235 0.925490 1.000000 0 0
0.413386 0.423228 0.433071 0.752941 0.988235 0.925490 1.000000 0.800000 0.988235 0.925490 1.000000 0 0
0.433071 0.435039 0.437008 0.800000 0.988235 0.925490 1.000000 0.815686 0.988235 0.941176 1.000000 0 0
0.437008 0.446850 0.456693 0.815686 0.988235 0.941176 1.000000 0.847059 0.988235 0.941176 1.000000 0 0
0.456693 0.458661 0.460630 0.847059 0.988235 0.941176 1.000000 0.862745 0.988235 0.956863 1.000000 0 0
0.460630 0.470472 0.480315 0.862745 0.988235 0.956863 1.000000 0.909804 0.988235 0.956863 1.000000 0 0
0.480315 0.482283 0.484252 0.909804 0.988235 0.956863 1.000000 0.909804 0.988235 0.972549 1.000000 0 0
0.484252 0.494094 0.503937 0.909804 0.988235 0.972549 1.000000 0.956863 0.988235 0.972549 1.000000 0 0
0.503937 0.505906 0.507874 0.956863 0.988235 0.972549 1.000000 0.972549 0.988235 0.988235 1.000000 0 0
0.507874 0.513780 0.519685 0.972549 0.988235 0.988235 1.000000 0.988235 0.972549 0.988235 1.000000 0 0
0.519685 0.523622 0.527559 0.988235 0.972549 0.988235 1.000000 0.988235 0.925490 0.956863 1.000000 0 0
0.527559 0.529528 0.531496 0.988235 0.925490 0.956863 1.000000 0.988235 0.894118 0.956863 1.000000 0 0
0.531496 0.533465 0.535433 0.988235 0.894118 0.956863 1.000000 0.988235 0.878431 0.941176 1.000000 0 0
0.535433 0.537402 0.539370 0.988235 0.878431 0.941176 1.000000 0.988235 0.847059 0.941176 1.000000 0 0
0.539370 0.543307 0.547244 0.988235 0.847059 0.941176 1.000000 0.988235 0.800000 0.909804 1.000000 0 0
0.547244 0.549213 0.551181 0.988235 0.800000 0.909804 1.000000 0.988235 0.784314 0.909804 1.000000 0 0
0.551181 0.553150 0.555118 0.988235 0.784314 0.909804 1.000000 0.988235 0.752941 0.894118 1.000000 0 0
0.555118 0.557087 0.559055 0.988235 0.752941 0.894118 1.000000 0.988235 0.737255 0.894118 1.000000 0 0
0.559055 0.562992 0.566929 0.988235 0.737255 0.894118 1.000000 0.988235 0.690196 0.862745 1.000000 0 0
0.566929 0.568898 0.570866 0.988235 0.690196 0.862745 1.000000 0.988235 0.658824 0.862745 1.000000 0 0
0.570866 0.574803 0.578740 0.988235 0.658824 0.862745 1.000000 0.988235 0.611765 0.831373 1.000000 0 0
0.578740 0.580709 0.582677 0.988235 0.611765 0.831373 1.000000 0.988235 0.596078 0.831373 1.000000 0 0
0.582677 0.584646 0.586614 0.988235 0.596078 0.831373 1.000000 0.988235 0.564706 0.815686 1.000000 0 0
0.586614 0.588583 0.590551 0.988235 0.564706 0.815686 1.000000 0.988235 0.549020 0.815686 1.000000 0 0
0.590551 0.594488 0.598425 0.988235 0.549020 0.815686 1.000000 0.988235 0.486275 0.784314 1.000000 0 0
0.598425 0.600394 0.602362 0.988235 0.486275 0.784314 1.000000 0.988235 0.486275 0.784314 1.000000 0 0
0.602362 0.685039 0.767717 0.988235 0.486275 0.784314 1.000000 0.847059 0.094118 0.125490 1.000000 0 0
0.767717 0.777559 0.787402 0.847059 0.094118 0.125490 1.000000 0.831373 0.094118 0.125490 1.000000 0 0
0.787402 0.789370 0.791339 0.831373 0.094118 0.125490 1.000000 0.800000 0.094118 0.109804 1.000000 0 0
0.791339 0.793307 0.795276 0.800000 0.094118 0.109804 1.000000 0.815686 0.094118 0.125490 1.000000 0 0
0.795276 0.797244 0.799213 0.815686 0.094118 0.125490 1.000000 0.784314 0.094118 0.109804 1.000000 0 0
0.799213 0.809055 0.818898 0.784314 0.094118 0.109804 1.000000 0.768627 0.078431 0.109804 1.000000 0 0
0.818898 0.820866 0.822835 0.768627 0.078431 0.109804 1.000000 0.737255 0.078431 0.094118 1.000000 0 0
0.822835 0.824803 0.826772 0.737255 0.078431 0.094118 1.000000 0.752941 0.078431 0.109804 1.000000 0 0
0.826772 0.828740 0.830709 0.752941 0.078431 0.109804 1.000000 0.721569 0.078431 0.094118 1.000000 0 0
0.830709 0.840551 0.850394 0.721569 0.078431 0.094118 1.000000 0.705882 0.078431 0.094118 1.000000 0 0
0.850394 0.852362 0.854331 0.705882 0.078431 0.094118 1.000000 0.674510 0.078431 0.078431 1.000000 0 0
0.854331 0.856299 0.858268 0.674510 0.078431 0.078431 1.000000 0.690196 0.078431 0.094118 1.000000 0 0
0.858268 0.860236 0.862205 0.690196 0.078431 0.094118 1.000000 0.658824 0.062745 0.078431 1.000000 0 0
0.862205 0.872047 0.881890 0.658824 0.062745 0.078431 1.000000 0.643137 0.062745 0.078431 1.000000 0 0
0.881890 0.883858 0.885827 0.643137 0.062745 0.078431 1.000000 0.611765 0.062745 0.062745 1.000000 0 0
0.885827 0.887795 0.889764 0.611765 0.062745 0.062745 1.000000 0.627451 0.062745 0.078431 1.000000 0 0
0.889764 0.891732 0.893701 0.627451 0.062745 0.078431 1.000000 0.596078 0.062745 0.062745 1.000000 0 0
0.893701 0.903543 0.913386 0.596078 0.062745 0.062745 1.000000 0.580392 0.062745 0.062745 1.000000 0 0
0.913386 0.915354 0.917323 0.580392 0.062745 0.062745 1.000000 0.533333 0.047059 0.047059 1.000000 0 0
0.917323 0.931102 0.944882 0.533333 0.047059 0.047059 1.000000 0.407843 0.047059 0.047059 1.000000 0 0
0.944882 0.946850 0.948819 0.407843 0.047059 0.047059 1.000000 0.345098 0.031373 0.031373 1.000000 0 0
0.948819 0.962598 0.976378 0.345098 0.031373 0.031373 1.000000 0.219608 0.031373 0.031373 1.000000 0 0
0.976378 0.978346 0.980315 0.219608 0.031373 0.031373 1.000000 0.156863 0.015686 0.015686 1.000000 0 0
0.980315 0.990157 1.000000 0.156863 0.015686 0.015686 1.000000 0.078431 0.015686 0.015686 1.000000 0 0
1.000000 1.000000 1.000000 0.078431 0.015686 0.015686 1.000000 0.000000 0.000000 0.000000 1.000000 0 0
