GIMP Gradient
130
0.000000 0.001969 0.003937 0.000000 0.000000 0.000000 1.000000 0.235294 0.000000 0.313725 1.000000 0 0
0.003937 0.005906 0.007874 0.235294 0.000000 0.313725 1.000000 0.235294 0.000000 0.313725 1.000000 0 0
0.007874 0.009843 0.011811 0.235294 0.000000 0.313725 1.000000 0.235294 0.000000 0.329412 1.000000 0 0
0.011811 0.015748 0.019685 0.235294 0.000000 0.329412 1.000000 0.250980 0.000000 0.329412 1.000000 0 0
0.019685 0.021654 0.023622 0.250980 0.000000 0.329412 1.000000 0.250980 0.000000 0.345098 1.000000 0 0
0.023622 0.027559 0.031496 0.250980 0.000000 0.345098 1.000000 0.266667 0.000000 0.345098 1.000000 0 0
0.031496 0.033465 0.035433 0.266667 0.000000 0.345098 1.000000 0.266667 0.000000 0.360784 1.000000 0 0
0.035433 0.039370 0.043307 0.266667 0.000000 0.360784 1.000000 0.266667 0.000000 0.360784 1.000000 0 0
0.043307 0.045276 0.047244 0.266667 0.000000 0.360784 1.000000 0.282353 0.000000 0.376471 1.000000 0 0
0.047244 0.051181 0.055118 0.282353 0.000000 0.376471 1.000000 0.282353 0.000000 0.376471 1.000000 0 0
0.055118 0.057087 0.059055 0.282353 0.000000 0.376471 1.000000 0.282353 0.000000 0.392157 1.000000 0 0
0.059055 0.062992 0.066929 0.282353 0.000000 0.392157 1.000000 0.298039 0.000000 0.392157 1.000000 0 0
0.066929 0.068898 0.070866 0.298039 0.000000 0.392157 1.000000 0.298039 0.000000 0.407843 1.000000 0 0
0.070866 0.076772 0.082677 0.298039 0.000000 0.407843 1.000000 0.313725 0.000000 0.407843 1.000000 0 0
0.082677 0.084646 0.086614 0.313725 0.000000 0.407843 1.000000 0.313725 0.000000 0.423529 1.000000 0 0
0.086614 0.090551 0.094488 0.313725 0.000000 0.423529 1.000000 0.313725 0.000000 0.423529 1.000000 0 0
0.094488 0.096457 0.098425 0.313725 0.000000 0.423529 1.000000 0.329412 0.000000 0.439216 1.000000 0 0
0.098425 0.102362 0.106299 0.329412 0.000000 0.439216 1.000000 0.329412 0.000000 0.439216 1.000000 0 0
0.106299 0.108268 0.110236 0.329412 0.000000 0.439216 1.000000 0.329412 0.000000 0.454902 1.000000 0 0
0.110236 0.114173 0.118110 0.329412 0.000000 0.454902 1.000000 0.345098 0.000000 0.454902 1.000000 0 0
0.118110 0.120079 0.122047 0.345098 0.000000 0.454902 1.000000 0.345098 0.000000 0.470588 1.000000 0 0
0.122047 0.125984 0.129921 0.345098 0.000000 0.470588 1.000000 0.360784 0.000000 0.470588 1.000000 0 0
0.129921 0.131890 0.133858 0.360784 0.000000 0.470588 1.000000 0.360784 0.000000 0.486275 1.000000 0 0
0.133858 0.137795 0.141732 0.360784 0.000000 0.486275 1.000000 0.360784 0.000000 0.486275 1.000000 0 0
0.141732 0.143701 0.145669 0.360784 0.000000 0.486275 1.000000 0.376471 0.000000 0.501961 1.000000 0 0
0.145669 0.149606 0.153543 0.376471 0.000000 0.501961 1.000000 0.376471 0.000000 0.501961 1.000000 0 0
0.153543 0.155512 0.157480 0.376471 0.000000 0.501961 1.000000 0.376471 0.000000 0.517647 1.000000 0 0
0.157480 0.163386 0.169291 0.376471 0.000000 0.517647 1.000000 0.392157 0.000000 0.517647 1.000000 0 0
0.169291 0.171260 0.173228 0.392157 0.000000 0.517647 1.000000 0.392157 0.000000 0.533333 1.000000 0 0
0.173228 0.177165 0.181102 0.392157 0.000000 0.533333 1.000000 0.407843 0.000000 0.533333 1.000000 0 0
0.181102 0.183071 0.185039 0.407843 0.000000 0.533333 1.000000 0.407843 0.000000 0.549020 1.000000 0 0
0.185039 0.188976 0.192913 0.407843 0.000000 0.549020 1.000000 0.407843 0.000000 0.549020 1.000000 0 0
0.192913 0.194882 0.196850 0.407843 0.000000 0.549020 1.000000 0.423529 0.000000 0.564706 1.000000 0 0
0.196850 0.200787 0.204724 0.423529 0.000000 0.564706 1.000000 0.423529 0.000000 0.564706 1.000000 0 0
0.204724 0.206693 0.208661 0.423529 0.000000 0.564706 1.000000 0.423529 0.000000 0.580392 1.000000 0 0
0.208661 0.212598 0.216535 0.423529 0.000000 0.580392 1.000000 0.439216 0.000000 0.580392 1.000000 0 0
0.216535 0.218504 0.220472 0.439216 0.000000 0.580392 1.000000 0.439216 0.000000 0.596078 1.000000 0 0
0.220472 0.224409 0.228346 0.439216 0.000000 0.596078 1.000000 0.454902 0.000000 0.596078 1.000000 0 0
0.228346 0.230315 0.232283 0.454902 0.000000 0.596078 1.000000 0.454902 0.000000 0.611765 1.000000 0 0
0.232283 0.236220 0.240157 0.454902 0.000000 0.611765 1.000000 0.454902 0.000000 0.611765 1.000000 0 0
0.240157 0.242126 0.244094 0.454902 0.000000 0.611765 1.000000 0.470588 0.000000 0.627451 1.000000 0 0
0.244094 0.248031 0.251969 0.470588 0.000000 0.627451 1.000000 0.486275 0.015686 0.627451 1.000000 0 0
0.251969 0.253937 0.255906 0.486275 0.015686 0.627451 1.000000 0.486275 0.031373 0.643137 1.000000 0 0
0.255906 0.259843 0.263780 0.486275 0.031373 0.643137 1.000000 0.501961 0.062745 0.643137 1.000000 0 0
0.263780 0.265748 0.267717 0.501961 0.062745 0.643137 1.000000 0.517647 0.078431 0.658824 1.000000 0 0
0.267717 0.271654 0.275591 0.517647 0.078431 0.658824 1.000000 0.533333 0.109804 0.658824 1.000000 0 0
0.275591 0.277559 0.279528 0.533333 0.109804 0.658824 1.000000 0.533333 0.125490 0.674510 1.000000 0 0
0.279528 0.283465 0.287402 0.533333 0.125490 0.674510 1.000000 0.549020 0.156863 0.674510 1.000000 0 0
0.287402 0.289370 0.291339 0.549020 0.156863 0.674510 1.000000 0.564706 0.172549 0.690196 1.000000 0 0
0.291339 0.293307 0.295276 0.564706 0.172549 0.690196 1.000000 0.564706 0.188235 0.690196 1.000000 0 0
0.295276 0.297244 0.299213 0.564706 0.188235 0.690196 1.000000 0.580392 0.203922 0.705882 1.000000 0 0
0.299213 0.303150 0.307087 0.580392 0.203922 0.705882 1.000000 0.596078 0.235294 0.705882 1.000000 0 0
0.307087 0.309055 0.311024 0.596078 0.235294 0.705882 1.000000 0.596078 0.250980 0.721569 1.000000 0 0
0.311024 0.314961 0.318898 0.596078 0.250980 0.721569 1.000000 0.611765 0.282353 0.721569 1.000000 0 0
0.318898 0.320866 0.322835 0.611765 0.282353 0.721569 1.000000 0.627451 0.298039 0.737255 1.000000 0 0
0.322835 0.326772 0.330709 0.627451 0.298039 0.737255 1.000000 0.643137 0.329412 0.737255 1.000000 0 0
0.330709 0.332677 0.334646 0.643137 0.329412 0.737255 1.000000 0.643137 0.345098 0.752941 1.000000 0 0
0.334646 0.338583 0.342520 0.643137 0.345098 0.752941 1.000000 0.658824 0.376471 0.752941 1.000000 0 0
0.342520 0.344488 0.346457 0.658824 0.376471 0.752941 1.000000 0.674510 0.392157 0.768627 1.000000 0 0
0.346457 0.348425 0.350394 0.674510 0.392157 0.768627 1.000000 0.674510 0.407843 0.768627 1.000000 0 0
0.350394 0.352362 0.354331 0.674510 0.407843 0.768627 1.000000 0.690196 0.423529 0.784314 1.000000 0 0
0.354331 0.358268 0.362205 0.690196 0.423529 0.784314 1.000000 0.705882 0.454902 0.784314 1.000000 0 0
0.362205 0.364173 0.366142 0.705882 0.454902 0.784314 1.000000 0.705882 0.470588 0.800000 1.000000 0 0
0.366142 0.370079 0.374016 0.705882 0.470588 0.800000 1.000000 0.737255 0.501961 0.800000 1.000000 0 0
0.374016 0.375984 0.377953 0.737255 0.501961 0.800000 1.000000 0.737255 0.517647 0.815686 1.000000 0 0
0.377953 0.381890 0.385827 0.737255 0.517647 0.815686 1.000000 0.752941 0.549020 0.815686 1.000000 0 0
0.385827 0.387795 0.389764 0.752941 0.549020 0.815686 1.000000 0.768627 0.564706 0.831373 1.000000 0 0
0.389764 0.391732 0.393701 0.768627 0.564706 0.831373 1.000000 0.768627 0.580392 0.831373 1.000000 0 0
0.393701 0.395669 0.397638 0.768627 0.580392 0.831373 1.000000 0.784314 0.596078 0.847059 1.000000 0 0
0.397638 0.401575 0.405512 0.784314 0.596078 0.847059 1.000000 0.800000 0.627451 0.847059 1.000000 0 0
0.405512 0.407480 0.409449 0.800000 0.627451 0.847059 1.000000 0.800000 0.643137 0.862745 1.000000 0 0
0.409449 0.413386 0.417323 0.800000 0.643137 0.862745 1.000000 0.815686 0.674510 0.862745 1.000000 0 0
0.417323 0.419291 0.421260 0.815686 0.674510 0.862745 1.000000 0.831373 0.690196 0.878431 1.000000 0 0
0.421260 0.425197 0.429134 0.831373 0.690196 0.878431 1.000000 0.847059 0.721569 0.878431 1.000000 0 0
0.429134 0.431102 0.433071 0.847059 0.721569 0.878431 1.000000 0.847059 0.737255 0.894118 1.000000 0 0
0.433071 0.437008 0.440945 0.847059 0.737255 0.894118 1.000000 0.862745 0.768627 0.894118 1.000000 0 0
0.440945 0.442913 0.444882 0.862745 0.768627 0.894118 1.000000 0.878431 0.784314 0.909804 1.000000 0 0
0.444882 0.446850 0.448819 0.878431 0.784314 0.909804 1.000000 0.878431 0.800000 0.909804 1.000000 0 0
0.448819 0.450787 0.452756 0.878431 0.800000 0.909804 1.000000 0.894118 0.815686 0.925490 1.000000 0 0
0.452756 0.456693 0.460630 0.894118 0.815686 0.925490 1.000000 0.909804 0.847059 0.925490 1.000000 0 0
0.460630 0.462598 0.464567 0.909804 0.847059 0.925490 1.000000 0.909804 0.862745 0.941176 1.000000 0 0
0.464567 0.468504 0.472441 0.909804 0.862745 0.941176 1.000000 0.925490 0.894118 0.941176 1.000000 0 0
0.472441 0.474409 0.476378 0.925490 0.894118 0.941176 1.000000 0.941176 0.909804 0.956863 1.000000 0 0
0.476378 0.480315 0.484252 0.941176 0.909804 0.956863 1.000000 0.956863 0.941176 0.956863 1.000000 0 0
0.484252 0.486220 0.488189 0.956863 0.941176 0.956863 1.000000 0.956863 0.956863 0.972549 1.000000 0 0
0.488189 0.490157 0.492126 0.956863 0.956863 0.972549 1.000000 0.972549 0.972549 0.972549 1.000000 0 0
0.492126 0.494094 0.496063 0.972549 0.972549 0.972549 1.000000 0.988235 0.988235 0.988235 1.000000 0 0
0.496063 0.498031 0.500000 0.988235 0.988235 0.988235 1.000000 0.988235 0.988235 0.988235 1.000000 0 0
0.500000 0.624016 0.748031 0.988235 0.988235 0.988235 1.000000 0.988235 0.988235 0.000000 1.000000 0 0
0.748031 0.753937 0.759843 0.988235 0.988235 0.000000 1.000000 0.956863 0.941176 0.000000 1.000000 0 0
0.759843 0.761811 0.763780 0.956863 0.941176 0.000000 1.000000 0.941176 0.925490 0.015686 1.000000 0 0
0.763780 0.767717 0.771654 0.941176 0.925490 0.015686 1.000000 0.925490 0.894118 0.015686 1.000000 0 0
0.771654 0.773622 0.775591 0.925490 0.894118 0.015686 1.000000 0.909804 0.878431 0.031373 1.000000 0 0
0.775591 0.779528 0.783465 0.909804 0.878431 0.031373 1.000000 0.894118 0.847059 0.031373 1.000000 0 0
0.783465 0.785433 0.787402 0.894118 0.847059 0.031373 1.000000 0.878431 0.831373 0.047059 1.000000 0 0
0.787402 0.791339 0.795276 0.878431 0.831373 0.047059 1.000000 0.847059 0.800000 0.047059 1.000000 0 0
0.795276 0.797244 0.799213 0.847059 0.800000 0.047059 1.000000 0.831373 0.784314 0.062745 1.000000 0 0
0.799213 0.803150 0.807087 0.831373 0.784314 0.062745 1.000000 0.815686 0.752941 0.062745 1.000000 0 0
0.807087 0.809055 0.811024 0.815686 0.752941 0.062745 1.000000 0.800000 0.737255 0.078431 1.000000 0 0
0.811024 0.814961 0.818898 0.800000 0.737255 0.078431 1.000000 0.784314 0.705882 0.078431 1.000000 0 0
0.818898 0.820866 0.822835 0.784314 0.705882 0.078431 1.000000 0.768627 0.690196 0.094118 1.000000 0 0
0.822835 0.826772 0.830709 0.768627 0.690196 0.094118 1.000000 0.737255 0.658824 0.094118 1.000000 0 0
0.830709 0.832677 0.834646 0.737255 0.658824 0.094118 1.000000 0.721569 0.643137 0.109804 1.000000 0 0
0.834646 0.838583 0.842520 0.721569 0.643137 0.109804 1.000000 0.705882 0.611765 0.109804 1.000000 0 0
0.842520 0.844488 0.846457 0.705882 0.611765 0.109804 1.000000 0.690196 0.596078 0.125490 1.000000 0 0
0.846457 0.850394 0.854331 0.690196 0.596078 0.125490 1.000000 0.674510 0.564706 0.125490 1.000000 0 0
0.854331 0.856299 0.858268 0.674510 0.564706 0.125490 1.000000 0.658824 0.549020 0.141176 1.000000 0 0
0.858268 0.864173 0.870079 0.658824 0.549020 0.141176 1.000000 0.627451 0.501961 0.141176 1.000000 0 0
0.870079 0.872047 0.874016 0.627451 0.501961 0.141176 1.000000 0.611765 0.486275 0.156863 1.000000 0 0
0.874016 0.877953 0.881890 0.611765 0.486275 0.156863 1.000000 0.580392 0.454902 0.156863 1.000000 0 0
0.881890 0.883858 0.885827 0.580392 0.454902 0.156863 1.000000 0.564706 0.439216 0.172549 1.000000 0 0
0.885827 0.889764 0.893701 0.564706 0.439216 0.172549 1.000000 0.549020 0.407843 0.172549 1.000000 0 0
0.893701 0.895669 0.897638 0.549020 0.407843 0.172549 1.000000 0.533333 0.392157 0.188235 1.000000 0 0
0.897638 0.901575 0.905512 0.533333 0.392157 0.188235 1.000000 0.517647 0.360784 0.188235 1.000000 0 0
0.905512 0.907480 0.909449 0.517647 0.360784 0.188235 1.000000 0.501961 0.345098 0.203922 1.000000 0 0
0.909449 0.913386 0.917323 0.501961 0.345098 0.203922 1.000000 0.470588 0.313725 0.203922 1.000000 0 0
0.917323 0.919291 0.921260 0.470588 0.313725 0.203922 1.000000 0.454902 0.298039 0.219608 1.000000 0 0
0.921260 0.925197 0.929134 0.454902 0.298039 0.219608 1.000000 0.439216 0.266667 0.219608 1.000000 0 0
0.929134 0.931102 0.933071 0.439216 0.266667 0.219608 1.000000 0.423529 0.250980 0.235294 1.000000 0 0
0.933071 0.937008 0.940945 0.423529 0.250980 0.235294 1.000000 0.407843 0.219608 0.235294 1.000000 0 0
0.940945 0.942913 0.944882 0.407843 0.219608 0.235294 1.000000 0.392157 0.203922 0.250980 1.000000 0 0
0.944882 0.948819 0.952756 0.392157 0.203922 0.250980 1.000000 0.360784 0.172549 0.250980 1.000000 0 0
0.952756 0.954724 0.956693 0.360784 0.172549 0.250980 1.000000 0.345098 0.156863 0.266667 1.000000 0 0
0.956693 0.960630 0.964567 0.345098 0.156863 0.266667 1.000000 0.329412 0.125490 0.266667 1.000000 0 0
0.964567 0.966535 0.968504 0.329412 0.125490 0.266667 1.000000 0.313725 0.109804 0.282353 1.000000 0 0
0.968504 0.972441 0.976378 0.313725 0.109804 0.282353 1.000000 0.298039 0.078431 0.282353 1.000000 0 0
0.976378 0.978346 0.980315 0.298039 0.078431 0.282353 1.000000 0.282353 0.062745 0.298039 1.000000 0 0
0.980315 0.984252 0.988189 0.282353 0.062745 0.298039 1.000000 0.250980 0.031373 0.298039 1.000000 0 0
0.988189 0.990157 0.992126 0.250980 0.031373 0.298039 1.000000 0.235294 0.000000 0.313725 1.000000 0 0
0.992126 0.996063 1.000000 0.235294 0.000000 0.313725 1.000000 0.235294 0.000000 0.313725 1.000000 0 0
